92 79
52 12 17 50 85 55 46 12 5 21 13 65 30 28 10 59 35 82 87 39 61 71 18 81 8 62 73 44 14 74 63 16 6 55 6 93 59 90 33 71 50 45 64 82 14 96 82 62 6 79 22 99 76 13 13 41 20 52 51 60 3 94 8 90 57 71 57 69 1 0 47 70 91 8 19 18 54 49 47 77 3 77 44 36 22 45 12 15 32 82 62 82 
1 12 49 4
2 56 64
3 26 38
1 44 52 4
2 71 82
1 2 71 3
1 20 81 1
1 46 57 5
1 89 91 5
3 1 21
1 71 82 7
3 41 61
2 56 73
1 77 83 7
2 14 25
2 6 51
3 39 75
2 8 40
3 12 64
3 18 43
1 6 17 9
1 66 66 2
3 68 90
2 67 71
3 63 70
1 82 87 6
1 73 87 9
2 44 81
2 21 79
1 30 84 4
1 21 78 5
2 36 45
2 37 64
1 47 90 6
3 61 81
2 82 85
3 14 75
1 77 89 3
2 78 79
3 65 84
3 76 78
2 66 75
2 57 89
3 41 63
2 1 60
3 14 64
1 26 86 7
3 3 6
3 4 55
3 19 78
3 60 65
3 17 27
2 86 90
1 22 24 3
1 2 16 9
1 10 23 4
2 70 70
3 3 18
2 82 89
1 17 38 3
2 63 85
1 68 76 4
1 62 88 4
3 33 67
1 90 90 5
3 58 90
3 57 76
2 85 91
1 47 71 7
1 65 74 0
2 13 23
2 57 58
1 75 91 3
1 91 91 0
3 19 60
3 54 70
2 8 79
1 69 74 8
2 27 41
