84 73 2215
48 79 49 56 19 63 91 77 37 11 57 47 44 94 30 50 39 92 74 2 56 38 8 77 68 92 2 73 26 59 94 13 24 78 95 28 30 74 3 10 45 73 20 34 15 15 52 64 12 58 38 64 33 0 93 47 58 66 51 71 65 72 86 49 64 2 46 18 19 45 91 10 27 93 24 78 75 93 69 75 85 74 45 88 
1 35 61 10
2 54 61 5
1 46 49 6
2 84 83 10
1 1 21 4
1 7 80 3
3 77 79
2 36 43 10
2 1 15 7
1 61 77 8
3 39 45
1 53 76 2
3 30 44
1 10 17 9
3 50 83
2 37 70 9
2 47 83 4
3 82 83
3 70 76
3 77 80
3 63 83
3 50 75
2 53 63 6
2 34 77 4
2 37 59 4
1 67 75 5
1 8 36 1
3 77 82
3 8 24
2 51 71 7
2 63 68 6
1 6 59 6
2 84 83 5
1 7 56 4
3 12 17
1 83 83 1
2 66 76 1
2 66 80 4
2 3 42 5
2 53 75 4
3 47 53
2 83 83 6
1 38 80 5
3 81 81
2 32 82 8
3 6 56
1 5 44 10
3 52 51
2 10 52 10
2 21 52 7
3 58 74
3 23 29
3 10 30
3 64 79
1 82 83 6
2 82 82 2
3 6 56
1 8 78 7
1 17 39 5
2 40 60 2
3 53 72
2 71 75 3
3 17 53
3 24 77
1 21 25 9
3 77 78
2 58 67 3
3 80 82
2 76 83 10
3 47 62
1 46 77 6
3 28 35
1 78 77 8
